9.999999000000000526e-01 9.999999989999999990e-15 2.110723740000000124e-08 7.889275260000000098e-08 0.000000000000000000e+00 1.000000000000000000e+00
9.999999999999999547e-08 9.999998999999999890e-08 9.999997000000000469e-01 9.999998000000000233e-08 0.000000000000000000e+00 1.000000000000000000e+00
9.999999999999999547e-08 9.999998999999999890e-08 9.999998000000000233e-08 9.999997000000000469e-01 0.000000000000000000e+00 1.000000000000000000e+00
9.999999999999999547e-08 9.999997999999999942e-01 9.999998000000000233e-08 9.992007220000000136e-15 0.000000000000000000e+00 1.000000000000000000e+00
2.500000000000000000e-01 2.500000000000000000e-01 2.500000000000000000e-01 2.500000000000000000e-01 2.000000000000000000e+00 1.000000000000000000e+00
1.464263199999999987e-01 2.570718100000000117e-01 2.350893500000000025e-01 3.614125100000000201e-01 3.000000000000000000e+00 0.000000000000000000e+00
1.927083300000000110e-01 1.927083300000000110e-01 2.447916699999999890e-01 3.697916700000000167e-01 6.000000000000000000e+00 1.000000000000000000e+00
2.041884800000000055e-01 1.727748699999999971e-01 2.460732999999999948e-01 3.769633499999999748e-01 4.000000000000000000e+00 0.000000000000000000e+00
1.780104700000000040e-01 1.937172799999999917e-01 2.670157100000000172e-01 3.612565400000000149e-01 5.000000000000000000e+00 1.000000000000000000e+00
1.947368399999999944e-01 2.000000000000000111e-01 2.526315800000000222e-01 3.526315800000000000e-01 5.000000000000000000e+00 0.000000000000000000e+00
